-0.521903  -1.3845  -0.498929  
-1.19155  0.337764  2.29302  
0.0646552  -2.03526  1.26859  
1.48476  1.42847  0.71403  
0.637409  -1.64444  0.709643  
-0.514519  0.0311223  0.146846  
0.841901  0.385552  -0.49573  
-1.50911  1.15727  1.07647  
-0.146891  0.0250675  -1.79071  
1.10351  0.851978  0.767809  
0.45197  0.0306112  -2.15978  
-1.02362  0.787419  1.0884  
-1.83408  -0.442727  -0.342195  
2.69014  -0.549056  4.54679  
0.452379  0.962881  1.25028  
1.80719  -1.05622  1.14679  
-2.37029  2.01583  2.51142  
0.397923  1.24085  -0.759788  
-0.955616  0.0463264  -0.83386  
-0.141265  -1.42069  1.51584  
0.637409  -1.64444  0.709643  
-0.514519  0.0311223  0.146846  
1.50641  -0.816957  1.02184  
0.929911  0.813903  0.389617  
-0.938258  0.959046  1.59043  
-0.340546  0.657897  -0.365027  
0.0417226  1.1341  0.621797  
-0.188862  -0.775847  0.709758  
-0.432688  0.54818  0.213361  
0.885261  0.31088  0.336567  
1.06501  0.00841032  -1.13039  
-0.193091  -6.53062  -1.21408  
0.256305  -1.2115  0.199362  
-0.087498  0.968272  -0.772471  
-2.31537  -0.558143  0.842403  
-0.377725  1.81705  -0.660241  
-1.22944  -0.377778  1.26029  
0.155409  0.21862  -0.707029  
-0.58912  -0.68584  3.08523  
1.53814  0.583804  -1.18091  
-2.98387  -0.347086  0.936287  
-1.84867  0.420175  -0.0269511  
-0.347351  1.63935  1.91796  
0.379619  -0.25795  0.206238  
0.03614  -2.00318  1.07189  
0.462279  -0.501196  0.544711  
-1.39858  0.752893  0.891049  
1.58922  -1.34413  -0.0839517  
-1.58133  -0.00506439  0.0421965  
-0.20623  0.542312  0.167342  
0.396687  -0.386812  1.17699  
-1.57448  2.40105  -0.398515  
-1.01  -1.36737  1.40772  
1.80011  -0.521404  0.488362  
0.136219  -0.135791  -0.491478  
-0.485332  1.38563  -0.504266  
-2.51144  -0.162393  0.886193  
0.168842  0.396121  -0.346318  
0.181259  0.0339494  -0.304139  
-0.191657  0.0665192  -1.43234  
-0.895401  -0.504581  -0.461217  
0.0782199  1.24831  -2.32832  
0.849423  0.212346  2.75287  
3.02322  1.63232  -1.03479  
0.656416  0.716987  1.41119  
-2.1401  0.5959  1.03867  
2.42268  0.792397  -0.80216  
-0.617554  -0.112555  0.45257  
0.743435  -1.63435  -0.902025  
2.32218  0.435075  0.844732  
1.67619  2.288  1.40137  
-0.25505  -0.856335  -1.20285  
-0.55397  0.898806  -0.152435  
0.795275  1.65962  -1.80005  
2.52263  2.80729  -3.67734  
1.42002  -0.00492926  -3.09115  
0.0114691  -0.288955  0.681833  
-1.07707  0.445963  -0.770455  
-0.249846  2.27339  1.96624  
1.18871  -1.01674  -0.871371  
0.280376  0.768836  -0.00745798  
-0.134542  1.08481  -0.0538728  
-0.989085  2.06104  1.97622  
-3.19159  0.993872  1.3153  
-1.94954  0.594935  2.48832  
0.138351  0.541911  0.0654545  
-1.45057  0.751333  0.327323  
1.13487  0.599949  0.5996  
0.421327  0.427662  -0.373932  
-0.0896638  0.737406  -1.00998  
1.14632  -0.78769  -0.0901095  
0.583902  -0.89785  -3.31353  
-0.0510652  0.0536861  0.339332  
-0.937925  -1.75991  -2.13101  
-0.986789  -3.37752  -0.566647  
0.596332  0.925862  -1.33806  
-1.00186  0.273271  0.893804  
-0.20098  0.642851  -1.62479  
-0.963984  -0.0831579  -0.869983  
0.990796  -0.414062  1.27405  
0.0478977  -0.212743  0.115923  
-0.902441  -2.08652  -2.15655  
1.36913  -2.30063  -1.64025  
1.35389  0.26055  -0.787161  
-0.70001  5.02218  -2.93719  
-0.749777  1.73304  3.27936  
1.54576  1.06502  -0.618516  
1.01663  -1.48088  -1.29126  
5.69959  4.91755  2.01115  
0.964595  1.43982  0.261862  
-1.33564  -0.670294  0.633397  
-1.58892  1.20008  -2.12797  
-0.239439  0.876193  0.436906  
2.45946  -2.16468  -0.287025  
2.8055  1.63117  -0.540483  
-1.10626  -3.94852  -1.71217  
-2.97137  -1.4683  2.63635  
0.598856  0.541631  -0.650235  
-0.300115  -1.12048  -1.36562  
-1.26174  -0.975733  -3.34566  
1.62232  0.22838  -2.27148  
0.684986  0.30157  0.623449  
1.34475  -0.892778  0.0592085  
-0.831678  -1.01015  2.58497  
-0.739222  1.10075  -2.34555  
-2.20949  0.921563  2.90977  
0.132714  0.0891906  -0.0201346  
-0.526252  0.548808  -0.928359  
-0.221329  -0.0808666  0.40346  
-0.958573  -0.0435568  -1.93493  
0.881816  -1.11004  1.28369  
0.170294  0.0851228  -1.57709  
1.94063  -0.321903  0.584673  
2.22415  -0.0619808  0.442588  
0.132714  0.0891906  -0.0201346  
-0.526252  0.548808  -0.928359  
-1.44156  0.112095  0.218716  
-1.02127  -0.256727  -0.949029  
0.038471  -0.673652  -2.62818  
1.2069  1.65804  0.604184  
-4.99775  -1.36684  0.692347  
-0.60004  -0.535513  -0.346557  
-3.99429  -0.950609  1.99516  
-0.00758961  -1.97182  -3.03711  
-0.325484  0.359061  0.47539  
-1.11684  0.251438  -0.255454  
-1.87541  2.50881  1.35426  
-0.0556143  -1.23021  -0.851723  
0.936968  -0.527136  0.62781  
0.230059  0.522413  -1.22624  
0.275109  1.157  -0.271975  
-0.0393018  0.977706  -1.68919  
-0.786974  0.262243  -0.497633  
5.3335e-06  -1.74367  -2.61453  
-1.93016  1.57501  0.123331  
-0.0176323  -0.046001  -0.655913  
0.148664  -0.206282  -0.813547  
-0.138581  0.47298  0.242481  
-2.02547  1.56447  -0.240464  
-0.247815  -0.423457  -0.236007  
1.99559  -1.31876  0.174285  
-1.43363  1.11299  -2.48554  
-0.170328  -0.377215  0.266628  
0.755496  -0.323648  -1.82742  
-0.913825  -0.378717  -2.68573  
1.24077  2.13308  -0.64222  
-1.93016  1.57501  0.123331  
-0.0176323  -0.046001  -0.655913  
0.0505998  -1.11388  0.0476068  
-3.5672  3.29834  -3.60597  
-0.541779  -0.0972265  0.338898  
0.162951  -0.242906  -0.984713  
0.336311  -0.729065  1.09867  
-0.815326  0.31584  1.84098  
0.785896  -0.506808  0.704091  
-0.057686  0.206304  0.0637288  
-1.09871  1.13377  -1.10574  
0.377636  3.11017  -0.625488  
0.0382746  0.550059  -0.906595  
-1.75868  0.167734  0.32445  
-0.458927  -0.49015  -2.40921  
0.48934  -2.64001  -1.34612  
0.543995  -0.989251  0.016649  
1.04606  2.88204  -1.3341  
2.40845  0.262721  -0.0622711  
-1.17419  0.199836  0.699658  
-2.27927  0.949594  1.36427  
-0.905781  -1.74532  -0.855294  
0.895065  -0.662769  0.551347  
-0.541238  -0.757719  -0.123349  
-1.72764  0.449737  0.601059  
0.615701  -0.215573  0.479251  
1.64951  3.04285  -4.22012  
-0.714367  -2.28207  0.249259  
0.148664  -0.206282  -0.813547  
-0.138581  0.47298  0.242481  
-5.14354  2.80968  1.47215  
0.980096  -1.78437  0.554367  
4.20578  3.47896  2.79616  
-0.0849132  -0.129166  -0.191998  
0.180953  -0.241458  -1.87623  
0.451999  0.809845  1.20032  
1.05168  6.43002  -4.88381  
-0.330119  0.524608  0.808896  
0.610674  2.47012  0.36605  
-0.205037  -0.304428  -0.694523  
1.29909  0.611009  -0.418643  
-1.83521  0.258926  -0.514879  
-2.55366  -1.59132  0.947653  
1.2882  -0.613482  -0.400429  
1.3606  -0.362554  1.08397  
-0.33245  0.36095  -2.19488  
-1.39609  -1.17493  -1.58277  
-2.33239  -2.37428  -0.12249  
-2.38813  0.771093  -0.535788  
-1.08023  -1.18044  3.79766  
-0.541779  -0.0972265  0.338898  
0.162951  -0.242906  -0.984713  
-3.04293  1.79325  2.97339  
-0.619235  0.392766  -1.08831  
-2.06787  -0.533359  -0.502115  
-0.570067  -0.15422  -2.11613  
-0.0490448  1.55034  0.0493961  
3.94182  -3.7314  0.520317  
-0.321527  0.357587  0.456399  
2.75593  -1.06743  -0.342575  
-0.235647  0.518956  -0.443188  
1.23195  -1.47162  0.245644  
-1.93903  -1.15321  0.711209  
-0.325083  1.36819  -0.551525  
0.182852  -0.346166  0.744132  
0.757773  0.381726  -0.149014  
-0.120818  0.435303  0.658188  
-0.692115  0.871538  -0.848679  
1.02979  -1.65891  1.03373  
0.186908  -0.381782  -0.0818131  
1.16243  0.417238  -1.77435  
1.08214  -3.167  -1.9967  
-1.77952  1.76083  1.98662  
-0.409941  -0.79972  0.598432  
-0.746529  -0.060995  -0.0429884  
-0.61903  -2.05433  -0.215483  
0.602847  -0.0229334  -0.128609  
0.33438  0.359798  -2.65352  
2.11641  1.95687  -3.21869  
-0.266416  -0.561027  0.344262  
-1.51523  0.379892  -0.220018  
-1.5693  -1.43704  0.555702  
-0.679037  0.68971  -0.894294  
1.97677  0.414314  0.226285  
-0.108921  3.19642  1.09326  
1.4644  2.39644  0.119285  
-2.80061  -0.0373435  -0.0190184  
0.637172  1.18322  -0.252957  
-0.504602  0.756707  0.784384  
1.99845  0.0198744  -0.542165  
-2.89924  -0.836898  0.874594  
-0.672089  -1.41995  -1.66221  
1.22608  -2.50053  -0.642187  
0.343866  0.118752  -0.218333  
0.949169  3.49883  -0.527558  
-0.038112  0.405302  -2.26251  
1.48397  2.93529  -1.38607  
1.11735  -0.0388377  0.0871667  
-3.49297  -0.414765  -0.209819  
0.10549  -0.10266  0.556314  
-4.30767  -1.25966  -0.471569  
0.554024  -1.02364  -0.0803617  
0.837041  -0.0266948  0.0628054  
-1.33885  -0.649947  -1.50709  
0.0335695  0.933274  0.113327  
1.48749  -0.885382  -1.91899  
-1.44319  0.644041  1.50137  
-0.889522  0.00780582  0.374435  
1.21703  0.94758  1.82195  
-0.939255  -1.31292  -0.524056  
-0.124295  -2.25643  -0.318764  
2.23562  -3.67166  0.277256  
-1.19217  1.23326  2.22045  
0.276265  -0.0203673  -4.41613  
0.785744  0.686005  1.41752  
0.821592  -0.325797  0.155176  
1.58311  0.728133  -0.90907  
-1.48503  -2.05954  2.90734  
-1.33123  -0.288016  -0.616443  
-0.519406  -2.65155  -2.13597  
-1.42688  -0.262175  0.33172  
2.00119  -0.0748516  -1.39494  
1.20375  0.59206  1.84653  
-4.18388  0.203032  0.804609  
-1.50139  1.68681  0.447932  
-0.575099  -0.630915  -1.05117  
0.291373  -0.87596  -0.202828  
-1.24525  2.09612  -3.99741  
0.380652  0.216128  -0.547218  
0.935736  1.46106  0.427243  
-0.090771  -0.244745  -0.264731  
1.49692  -0.654941  -1.6003  
-0.470623  1.75649  -0.422563  
1.8669  0.670355  1.23246  
0.209746  0.524896  0.97604  
0.904309  2.62597  -0.0625109  
-0.375811  0.342818  0.176543  
-0.955811  1.38694  -0.820275  
-0.357513  0.309974  -1.1307  
0.676061  -1.03099  -0.296827  
-1.3517  0.523242  1.56713  
-3.7247  5.43965  -0.752387  
-3.35762  -0.199561  2.13956  
0.150241  1.37951  0.333746  
-0.090771  -0.244745  -0.264731  
1.49692  -0.654941  -1.6003  
0.687192  0.643249  1.08327  
-0.730404  0.677426  -2.99673  
-1.49909  0.480148  -0.180714  
-0.491809  1.00927  -2.13786  
-4.0169  0.19703  2.23767  
0.482112  -1.08945  0.814647  
-1.14014  -1.75182  1.26874  
-3.34312  3.68145  -1.40777  
1.05634  -0.410268  0.198554  
0.0210947  -3.61283  0.0737943  
0.440469  1.72253  -1.12197  
-0.873665  -2.92335  0.0625701  
-0.213882  -0.016222  0.558243  
-0.271832  -0.0334628  -0.00961417  
0.1152  1.51436  0.649917  
-0.142193  0.697975  -0.161345  
-2.5101  0.102281  -1.29979  
2.60449  0.242076  2.7685  
0.426007  -0.709167  -0.432091  
-0.942821  -4.36319  2.25201  
-1.25858  1.09532  -1.30332  
1.143  -1.5819  -0.0824424  
-0.636208  0.616171  3.17127  
-0.301543  1.59058  -1.64458  
-0.606278  -1.34202  1.62704  
-0.228569  2.1193  -0.678534  
3.00427  -1.67414  -0.396818  
-4.81324  1.33695  2.3537  
-0.973333  -3.0247  1.90994  
-2.27244  -0.37962  0.345696  
-0.856616  -0.951827  0.324381  
0.519263  0.665954  -2.11365  
-1.39803  -1.79128  1.78233  
0.529838  -2.17335  -1.87815  
-1.21577  0.177615  0.45454  
0.812209  0.191159  -0.272862  
0.0306592  0.503651  -1.3905  
0.207549  2.07982  2.04042  
-1.53747  1.21336  -0.056453  
0.0191576  -1.1309  0.10186  
0.946374  2.74946  0.454863  
-2.03186  1.07311  -0.882337  
-2.03696  -2.22792  -0.409097  
0.874859  -0.472001  0.352325  
-0.676244  2.05291  2.30797  
3.06724  -1.09424  -2.05601  
-1.21577  0.177615  0.45454  
0.812209  0.191159  -0.272862  
-2.92385  0.964936  -0.0659041  
-2.13977  -0.507837  -0.54306  
-1.06249  0.670965  0.184691  
0.408206  0.401127  0.971384  
2.07239  -1.51904  -3.95495  
0.459229  0.926906  -0.627661  
-0.894654  0.315759  -0.249411  
-0.356026  0.479044  -0.045197  
-2.31837  1.67993  2.62135  
2.80131  -0.572427  0.264828  
-2.15637  -1.22681  1.48365  
-0.0886729  1.48264  0.00309442  
-0.473967  -0.831374  1.93047  
0.630767  0.29617  -0.396093  
-0.894654  0.315759  -0.249411  
-0.356026  0.479044  -0.045197  
0.896349  -1.15119  0.750118  
0.469864  -0.899492  -0.337435  
1.40455  -0.0735515  0.632709  
-0.744309  0.836449  1.03276  
0.478914  1.64561  0.279055  
1.46142  -0.629167  -0.0289779  
1.86043  -0.540954  0.670544  
-1.99753  0.0365276  -0.141182  
-2.94509  -0.639296  -0.993241  
1.90455  0.804528  -0.195709  
-1.97362  -0.837755  1.27521  
1.99881  3.74423  0.305891  
-4.27353  0.713039  1.69406  
1.35545  -0.821523  1.92938  
-6.4288  2.28372  2.03628  
-0.729085  0.785265  1.36469  
-0.508277  2.04433  0.107719  
0.0862786  -0.62566  1.27254  
-0.267937  -1.07395  -0.877637  
0.147133  -0.334104  0.491045  
-0.653127  -1.98931  -3.45085  
1.13718  0.170568  -0.578397  
0.7082  0.347279  -0.211237  
-1.80586  0.675915  -2.31207  
-1.15548  0.117517  -0.838679  
0.546519  -0.84905  1.08033  
1.90405  -0.0126953  -0.805317  
0.358169  -0.27291  -1.5717  
-1.27655  -0.276089  0.847213  
0.749923  -0.405764  1.06632  
2.0196  1.51932  0.531389  
-0.867326  -2.14327  4.5558  
-2.46318  1.66854  -0.87026  
0.305612  -0.73137  0.164274  
-1.85817  1.17113  -1.22053  
-0.7893  0.193482  0.608746  
-1.79012  7.20278  2.96118  
3.55368  -3.30833  0.529947  
4.62307  4.50748  2.37311  
0.165711  1.45131  -0.381012  
2.02776  -2.94785  2.27389  
-2.0404  -1.05324  -0.616635  
1.19463  0.370728  2.89578  
-1.53268  1.35934  2.13415  
-0.124496  -0.822031  0.407103  
0.589206  -1.00506  -2.24756  
2.95206  3.37648  -0.425382  
0.91569  0.219764  1.02528  
1.62036  0.546531  0.462972  
1.31171  -2.10561  0.401472  
1.57247  -2.38776  -1.41689  
0.701807  -0.18059  -1.17536  
-2.54666  0.486322  -0.578735  
-0.0529377  0.91399  0.0758451  
-0.64588  -0.187459  2.69102  
1.11158  0.875517  1.21884  
-5.07996  0.902604  2.29523  
0.425506  -0.0337227  -0.929374  
-4.58042  1.28905  0.188703  
1.69608  0.161212  0.749259  
0.364821  -0.0506117  1.75445  
-2.04181  -3.68645  -1.36627  
-2.39452  -0.167641  1.30588e-05  
1.14531  0.93783  0.879613  
2.01467  0.538605  2.26646  
-1.01505  -2.95802  0.61608  
0.357729  0.296203  2.57883  
-2.65189  -1.98615  -2.6661  
-0.280034  0.607557  1.90139  
0.14156  0.0277874  -0.336157  
-2.51971  1.02441  0.984389  
-0.836593  -0.601125  -2.1249  
6.54861  1.09451  -3.68276  
-0.842698  -1.08832  1.04992  
0.110223  -0.598542  -2.89756  
-0.832677  0.184837  -1.98504  
0.93512  1.50662  -0.31151  
0.930895  1.48508  0.968209  
-1.15548  0.117517  -0.838679  
0.546519  -0.84905  1.08033  
4.81277  4.46435  2.39043  
-0.0590573  -1.36203  0.0387445  
-0.294042  -1.95977  -1.12901  
0.554745  -1.66429  -0.242752  
-2.50092  -0.0135353  -0.0965747  
1.07821  -0.109768  0.276252  
0.495182  1.26062  -1.48627  
0.814334  -1.9182  0.0406463  
-2.4964  -1.22111  -1.46814  
0.337201  -2.57882  0.299294  
-0.356729  -1.20309  -0.524672  
-0.911571  -0.479655  -2.63747  
-0.693158  0.247648  0.949907  
0.187785  1.01861  1.05889  
-0.558815  -0.665571  0.423882  
2.7125  0.485092  3.06  
1.00116  -0.90107  0.915776  
0.0612583  3.17744  1.76338  
0.111357  0.0539311  -0.0972819  
-1.23555  0.596793  -0.970864  
-2.52036  -0.6959  -3.75451  
1.36635  2.35275  -2.34429  
-1.53415  2.28554  1.73183  
0.63817  0.350164  -1.16182  
0.519557  -1.12501  -0.983673  
-2.28041  -1.91454  2.55395  
0.352777  -0.880082  0.450366  
3.22703  -2.74218  1.47973  
-3.50438  2.13325  -1.60861  
0.163473  -0.121072  0.437559  
2.38456  -0.707521  0.392451  
2.09735  3.78509  0.526134  
-0.250974  -1.25884  0.412028  
0.92096  0.348553  0.100969  
-0.468696  0.0241081  0.252125  
1.75415  0.250951  -1.35332  
0.566759  0.923292  -0.426751  
-1.05487  1.28676  0.914395  
-0.686548  -2.59879  2.97967  
-1.2239  0.654342  -1.665  
-1.25759  0.0915653  2.02032  
1.12288  1.22862  -1.5556  
-2.22346  -1.10963  -0.58884  
-0.671492  0.818628  0.0388932  
1.69015  0.403849  0.401165  
1.50505  -0.108002  -1.79646  
0.168221  -1.80161  0.286764  
-1.25684  -0.291698  1.02657  
2.4209  -0.71261  -0.00374153  
-1.56149  2.31929  -1.3925  
0.20004  -0.734561  0.171135  
-0.542935  -0.529921  0.632627  
-0.105164  0.017656  1.14653  
0.837652  -0.356843  1.07279  
-0.671795  -3.10868  0.298096  
2.20543  -0.352095  -0.833118  
-1.04624  0.51341  -0.839291  
1.80905  -1.75413  0.219794  
-0.181781  -0.822874  0.0841599  
0.478202  0.222486  -1.05948  
-3.46477  -2.81805  3.5317  
0.49636  1.18831  -0.0609808  
-2.40987  -0.444355  2.00788  
-2.26606  -0.558805  -0.882538  
-2.32237  -0.219363  0.767976  
-0.602738  0.12423  -0.0564512  
0.102429  0.63732  2.37892  
-0.666523  -2.81716  -1.76871  
-1.27849  4.68331  3.69307  
0.661329  -3.13114  1.65597  
0.241032  -0.530503  -0.0762564  
1.06939  0.532928  0.750759  
1.26736  0.799312  -0.281435  
2.09166  0.515082  -0.617379  
-3.53695  0.967706  1.0997  
-0.161015  -1.47213  -0.557601  
0.390614  0.833953  1.16855  
3.18435  0.316722  1.95337  
-2.5451  0.798066  3.64438  
0.782488  0.339214  1.48465  
0.449089  -0.633126  0.34246  
0.579859  0.473798  2.11183  
-1.74939  3.09694  4.18816  
0.934517  1.30924  1.88623  
0.48152  0.783484  2.5757  
1.80075  -0.852597  2.37535  
2.43623  -2.03939  2.20501  
0.657601  2.34384  0.00217855  
-1.94681  0.598362  1.27361  
-0.0595922  1.40615  -0.162457  
0.304064  1.2012  0.185441  
2.27579  0.464818  -1.31369  
-0.276055  -1.05561  1.82953  
-1.07285  3.15705  -1.16116  
-3.19481  -0.910323  0.0162917  
1.63534  -1.04166  0.510309  
-0.161295  -0.67542  1.24398  
-1.19562  0.0476822  2.84755  
-1.85432  -0.741468  1.29598  
-0.397694  -1.28358  1.39816  
0.949337  0.957365  0.542192  
-0.474563  -1.67345  0.720831  
-1.03452  -1.24732  0.848744  
0.589793  0.651722  0.169858  
-1.63591  -1.08925  -1.65012  
0.34727  -0.593812  0.970188  
-2.12445  2.41933  0.869733  
-0.0984428  0.421883  -1.54158  
-0.280034  0.607557  1.90139  
0.14156  0.0277874  -0.336157  
0.0158317  0.491129  -0.465402  
1.47198  -0.323624  -1.30389  
0.447462  0.120218  2.19757  
0.852451  0.420525  0.255115  
0.226281  -1.53795  0.455435  
1.16745  -1.65026  -0.679965  
0.391106  0.633035  -3.65836  
1.61677  -0.389109  0.409533  
0.54372  0.536063  -0.109203  
-1.5037  -3.52077  -0.753979  
0.111357  0.0539311  -0.0972819  
-1.23555  0.596793  -0.970864  
-0.152474  -0.833223  1.50306  
-0.121563  -2.00029  -1.57497  
0.371056  0.472252  0.965753  
0.920369  -3.49354  0.259733  
2.99231  -2.32614  -0.255282  
-0.412789  -0.756496  1.81357  
-0.44849  0.793138  0.116665  
0.826373  -1.52479  0.198445  
0.917551  1.36928  -0.211941  
1.44848  4.27985  0.775402  
-1.78886  -0.482136  1.4198  
-0.832153  -1.15641  2.57462  
2.34075  -1.16639  2.91882  
0.0984291  -0.664651  -0.423902  
-0.608318  0.834689  0.357714  
2.47576  0.400776  -0.138713  
0.868064  0.391587  -0.394978  
-0.229806  0.254457  -1.89231  
2.72892  -2.86522  2.52255  
0.459922  -3.2087  0.310914  
0.337705  0.826235  1.43076  
-1.28341  0.632987  -1.1293  
1.84753  -3.60553  -2.06295  
1.45885  2.07226  0.28897  
1.73216  0.761473  0.72091  
0.775184  -1.0903  0.381391  
0.593112  1.08391  1.16517  
-0.16121  -0.752564  0.58833  
-0.939538  0.288445  -0.476718  
0.476165  -0.0778372  0.180446  
2.9255  -0.691254  -0.933152  
-0.691472  0.712125  -1.1911  
0.901079  1.46409  -0.263896  
-1.2119  -0.977048  -0.124261  
-1.91498  0.0354039  -0.446669  
-0.656931  0.10777  0.905665  
-0.314038  -0.842906  0.0503639  
0.160366  3.70502  2.50912  
2.26316  -1.03719  -1.1167  
0.550032  0.196699  -2.96579  
-3.26675  -0.171866  2.63105  
-0.0882988  0.271383  1.01531  
1.23925  -0.268235  0.153325  
-0.2425  -1.02347  -0.0554484  
0.20004  -0.734561  0.171135  
-0.542935  -0.529921  0.632627  
-2.3416  -0.341639  0.458024  
-1.27761  0.586488  1.28162  
-1.9957  4.57634  -1.31067  
-2.95331  -1.38399  -1.34344  
-2.32237  -0.219363  0.767976  
-0.602738  0.12423  -0.0564512  
-1.60679  0.0124237  -0.0188768  
0.29908  0.738203  0.344258  
-4.98361  0.267367  0.516565  
-0.260101  -0.637858  0.931075  
-2.35016  -0.967096  3.40668  
-0.653004  0.680063  -0.546383  
1.63485  0.848719  0.574596  
1.54244  0.134462  2.09223  
-1.62317  -0.294587  1.75143  
1.08185  -0.0122416  -0.337281  
0.377229  1.41026  0.0666781  
2.00399  -2.05039  2.71206  
-3.31664  -0.247849  3.86785  
-2.497  -0.107933  -0.528641  
0.382247  1.64417  1.24168  
0.17844  -0.164989  -1.0167  
-0.501379  -0.109635  -0.0382311  
-1.36848  -0.790442  -0.792023  
-4.45172  0.635403  -0.708577  
-1.68571  -0.5303  0.694212  
-0.0946  -0.32275  0.864421  
0.113403  2.43029  3.65054  
1.49118  0.893116  0.328381  
-0.146928  1.02872  1.1136  
-0.652312  0.881189  -1.02555  
-0.651421  -1.18281  1.94461  
0.574772  0.697161  0.105259  
-3.97735  -0.675874  0.699507  
-1.30341  -0.812337  -1.54367  
-1.23574  -1.12355  -1.25256  
0.104649  -0.257373  0.76291  
1.30388  -0.931821  -1.9719  
0.0307641  -1.13917  0.555957  
-0.0898692  2.54195  1.82864  
1.18767  -0.708094  -0.736809  
-0.930443  -1.29303  1.06455  
0.770047  1.8114  -0.582863  
0.631055  2.00056  0.644145  
-0.106259  0.303204  0.372072  
0.304644  -2.2994  0.19274  
0.869141  1.5025  -1.50454  
0.682813  1.22575  1.3332  
0.157498  0.0536071  0.908924  
-0.753348  0.372568  1.31579  
1.32199  -1.67938  1.75529  
1.73882  -1.13374  0.88127  
-3.83292  -0.5722  1.76844  
3.70917  0.210302  -2.58575  
-0.466511  -0.317429  -2.75076  
4.05155  -2.39014  1.20953  
-0.898173  1.26051  -0.810791  
-4.7775  -2.12414  1.40307  
0.3493  -0.240101  -0.457624  
0.314545  -0.0939156  1.49243  
0.451783  -2.75044  0.466038  
-1.33167  0.290229  0.862436  
-1.21602  0.78207  0.354983  
-2.25993  -3.21548  0.322828  
1.60517  1.85265  0.40713  
-2.74031  -1.65856  4.74199  
0.853685  -1.05803  -0.886234  
1.14032  -0.201833  -0.43832  
0.241032  -0.530503  -0.0762564  
1.06939  0.532928  0.750759  
1.31305  0.611871  0.175921  
0.316639  -0.965762  0.734665  
-0.501379  -0.109635  -0.0382311  
-1.36848  -0.790442  -0.792023  
-0.57094  -0.899288  1.71686  
0.638314  -0.0324895  0.0732225  
-2.64308  -1.45671  1.39053  
1.59337  -2.67235  -0.906565  
-2.06442  -1.2501  -1.66837  
0.280195  0.571702  0.476872  
0.238558  0.279684  0.136167  
0.826438  1.82777  -1.19381  
-1.79464  2.29602  -0.0882617  
1.42453  1.76967  0.17717  
-2.90837  -1.05367  3.11072  
0.487067  -1.59254  -0.195067  
-0.229635  1.07018  1.03075  
0.324108  -3.18247  0.16815  
1.37284  3.04652  0.451492  
0.0214115  -1.56723  -0.381627  
0.242273  1.01709  1.38441  
-0.00215579  0.302303  0.153153  
-0.106259  0.303204  0.372072  
0.304644  -2.2994  0.19274  
0.0437395  1.1875  0.997716  
-0.4303  0.461074  0.634352  
1.4442  -0.162959  -1.20698  
1.49664  5.25369  -0.695175  
4.24935  4.95515  1.01578  
-1.01585  1.48645  1.16412  
0.900533  0.453355  -0.616756  
0.495258  0.98953  -1.43324  
1.21951  0.79257  -0.160846  
1.46766  -0.668737  -1.94478  
-0.547926  -1.44709  -1.54866  
-0.790859  -4.02412  -0.700395  
-0.521512  -0.347784  1.45087  
0.617336  -1.59715  -1.3351  
-0.101452  -0.165583  -2.82272  
-3.02265  -3.57406  0.534808  
-0.129955  0.274575  0.702587  
0.446468  -0.350506  -0.108926  
-1.02434  0.162088  1.15067  
0.0176423  -0.591545  0.0334923  
0.75064  -0.781594  0.610243  
2.11707  -4.18003  0.0833995  
-4.41872  -0.613117  1.09578  
2.11013  -2.7154  0.269632  
-3.69785  4.30631  -0.749254  
0.902036  -0.122549  0.784549  
-0.684847  0.904101  -1.96306  
0.430164  -1.6447  -1.45556  
0.493489  0.00399929  0.456539  
0.972786  0.00295649  -0.294004  
-1.20635  -2.40433  -4.28695  
1.68947  0.695774  -0.72899  
-2.09662  0.0495882  2.58977  
2.19701  0.494134  -2.57  
-0.110811  -1.11538  -0.671128  
-1.44953  -3.4666  2.11356  
-1.95315  0.953232  -0.47537  
-1.09485  -1.15731  -1.92909  
-0.0755362  -2.92315  -0.946847  
-0.728708  0.934837  0.308897  
-0.10299  1.027  1.40759  
2.44866  1.10931  0.315304  
0.598871  -1.16601  1.18248  
0.952282  1.04579  -1.79279  
-0.407953  -0.591971  0.485355  
0.270296  -1.61353  1.06658  
-0.165993  -0.317636  -0.478645  
-0.789985  -0.657932  -1.20748  
0.148027  -1.7195  1.04245  
0.6187  0.144511  0.330419  
1.48148  0.70613  -0.389865  
-0.530504  -0.447638  0.856656  
0.401175  -0.0381421  1.13071  
0.330439  0.281215  -0.829049  
0.734509  -0.544272  -0.595543  
-1.17769  1.65089  0.96309  
-0.231956  -0.257073  0.430732  
-2.11799  -2.98449  -0.229015  
0.0560093  -0.977934  0.272313  
-1.0458  -2.7348  0.473691  
-0.347351  1.63935  1.91796  
0.379619  -0.25795  0.206238  
-1.00289  -1.18644  0.552695  
0.521025  2.53562  -0.826365  
0.383111  0.768618  0.82837  
-0.283978  -0.186149  0.0114966  
-0.841146  0.428859  0.596278  
1.01623  -0.865969  0.247366  
1.84603  1.54187  2.27388  
-0.719168  -1.21098  -3.50272  
-2.69211  0.424863  -0.179027  
-1.01017  -0.924826  0.101497  
-0.264045  0.385181  -0.412338  
0.155136  0.915337  -1.45889  
1.5005  -1.10921  0.880843  
0.0616443  3.19938  -0.119833  
-1.58133  -0.00506439  0.0421965  
-0.20623  0.542312  0.167342  
2.46207  -0.969254  0.0143355  
-1.70345  2.43638  -2.72651  
-2.51144  -0.162393  0.886193  
0.168842  0.396121  -0.346318  
-3.52148  0.292254  0.104987  
1.66047  -1.57414  1.74397  
-0.252268  2.05203  0.0207552  
-0.429345  0.512532  1.38085  
0.961125  0.332223  0.766212  
-0.875373  1.77172  -1.71153  
0.0114691  -0.288955  0.681833  
-1.07707  0.445963  -0.770455  
-0.312209  -0.630942  -1.06131  
1.07247  -2.1066  0.562451  
0.936968  -0.527136  0.62781  
0.230059  0.522413  -1.22624  
0.602847  -0.0229334  -0.128609  
0.33438  0.359798  -2.65352  
1.22608  -2.50053  -0.642187  
0.343866  0.118752  -0.218333  
0.837041  -0.0266948  0.0628054  
-1.33885  -0.649947  -1.50709  
-0.213882  -0.016222  0.558243  
-0.271832  -0.0334628  -0.00961417  
0.1152  1.51436  0.649917  
-0.142193  0.697975  -0.161345  
-0.42998  -0.181653  -0.900548  
-3.48609  -0.708059  -2.33514  
-0.526511  -0.278816  0.826721  
1.87094  -1.5732  -3.31534  
0.148027  -1.7195  1.04245  
0.6187  0.144511  0.330419  
-1.43764  0.0799279  -0.57191  
-0.918509  1.16466  1.71031  
1.3422  -0.344977  -0.394427  
-0.895677  0.0859298  0.440391  
0.220401  1.14245  -1.04538  
-0.193705  0.497408  -1.77008  
0.751713  -0.936607  -1.41055  
1.17046  3.0315  2.39703  
6.20486  3.42853  -0.887181  
0.955872  1.29499  -1.78905  
-2.35923  1.21409  -0.953944  
-0.657661  1.63439  -3.85455  
-0.621826  0.371646  -0.906707  
-1.33895  1.38843  -0.111606  
-0.769831  0.327725  1.02555  
0.249653  4.13949  2.19658  
-0.699476  0.122643  1.2706  
-0.450863  0.662348  0.958671  
-0.762674  -0.0887229  -0.290246  
-0.479839  -1.04726  -0.528844  
1.87074  -0.0098183  0.697225  
-0.298913  -0.738031  0.120166  
0.0998318  0.121068  1.55993  
-0.78289  0.689399  -1.64919  
0.153803  1.95379  0.563474  
-1.25074  -0.562956  -1.40157  
-1.69166  0.380194  1.75534  
2.302  1.18826  2.0251  
0.645726  -0.118611  0.806667  
0.743728  -3.08857  1.09321  
0.789761  0.625423  -0.564036  
1.60972  1.49386  -0.176384  
-0.446549  2.05807  -0.665915  
3.80312  0.37612  -0.620928  
1.3422  -0.344977  -0.394427  
-0.895677  0.0859298  0.440391  
0.931123  0.0728956  1.47075  
0.75072  1.14002  -2.10449  
-1.4369  -0.304536  1.94679  
-1.95726  0.885814  -4.67685  
-0.451914  -0.29991  -1.54039  
1.73824  0.675988  -0.913713  
-5.42576  -0.236143  0.537592  
0.0920956  -0.290802  -0.626454  
-1.54847  1.04612  2.80456  
-0.224124  -0.272598  0.294659  
-0.0924035  1.17989  0.338736  
-1.81884  2.44517  -0.840451  
1.41245  0.0116074  0.60544  
-0.694533  1.50773  -1.93068  
-0.564938  -0.211506  -0.489591  
-0.133207  -1.90385  0.362121  
