-2.31295
-2.25295
-2.27319
-2.31351
-2.30351
-2.31353
-2.36353
-2.33383
-2.31391
-2.34391
-2.39361
-2.39361
-2.48219
-2.52088
-2.35773
-2.38749
-2.27901
-2.26893
-2.21843
-2.35108
-2.42066
-2.32262
-2.32262
-2.14262
-2.20486
-2.21511
-2.24578
-2.2153
-2.23575
-2.24593
-2.20528
-2.20528
-2.17454
-2.08176
-2.10277
-2.07139
-2.26086
-2.23043
-2.21003
-2.28175
-2.28175
-2.24134
-2.35336
-2.27368
-2.33441
-2.20441
-2.07094
-2.04984
-1.98628
-2.09358
-2.16711
-2.03253
-2.00061
-2.18263
-2.13097
-2.04747
-2.02624
-2.14351
-2.04976
-2.16653
-2.14578
-2.07287
-2.25257
-2.15053
-2.15053
-2.05678
-2.13109
-2.19385
-2.08021
-2.11193
-2.13294
-2.11201
-2.11201
-2.03849
-2.12377
-2.07136
-2.08196
-2.08196
-2.03967
-2.15694
-2.19861
-2.16762
-2.16762
-2.17801
-2.09503
-2.05283
-2.09538
-2.03209
-2.03209
-2.17098
-2.06703
-2.12011
-2.18314
-2.235
-2.0502
-2.2421
-2.26263
-2.18083
-2.16004
-2.08697
-2.03401
-2.10895
-2.10895
-2.07731
-2.10915
-2.19354
-2.19354
-2.19354
-2.17279
-2.25613
-2.17416
-2.19499
-2.16387
-2.10124
-2.11181
-2.18565
-2.17526
-2.18568
-2.16489
-2.27971
-2.14705
-2.27284
-2.17059
-2.12884
-2.08673
-2.10796
-2.07625
-2.05497
-2.21523
-2.10136
-2.02721
-2.15624
-2.12479
-2.13534
-2.07218
-1.95491
-2.08592
-2.25613
-2.17383
-2.14244
-2.07929
-2.06863
-2.08999
-2.12191
-2.11134
-2.14312
-2.04838
-2.01619
-2.13498
-2.01895
-2.12694
-2.08466
-2.02069
-2.08548
-2.03218
-2.07528
-2.0646
-2.12884
-2.09713
-2.05457
-2.04384
-2.0761
-2.08679
-2.03348
-1.95805
-2.03464
-2.1424
-2.17404
-2.20549
-2.14299
-2.09024
-1.94099
-1.95198
-2.02873
-1.98554
-2.04
-2.10466
-2.07274
-2.02992
-2.10551
-2.05232
-2.07383
-2.10595
-2.09531
-2.01002
-2.0751
-2.05368
-2.01067
-2.02152
-2.02152
-2.14056
-2.12999
-2.02406
-1.92666
-2.04807
-2.05885
-2.09111
-2.20863
-2.0938
-2.05107
-2.0834
-2.14764
-2.14764
-2.06307
-2.14909
-2.1808
-2.30686
-2.22489
-2.33947
-2.3802
-2.39031
-2.37014
-2.27905
-2.28936
-2.23792
-2.33147
-2.20903
-2.24041
-2.10527
-2.20143
-2.19094
-2.20145
-2.19097
-2.35903
-2.24724
-2.30961
-2.30961
-2.22748
-2.19616
-2.14364
-2.28165
-2.24032
-2.33407
-2.2216
-2.33666
-2.42869
-2.44877
-2.39877
-2.26745
-2.40231
-2.45281
-2.41281
-2.28177
-2.16789
-2.16789
-2.25264
-2.26306
-2.35661
-2.22396
-2.21348
-2.31852
-2.21564
-2.16312
-2.11004
-2.0242
-2.01328
-2.02423
-2.16615
-2.12368
-2.17722
-2.13484
-2.19895
-2.25169
-2.27257
-2.24138
-2.16816
-2.13631
-2.08289
-2.13689
-2.19031
-1.98946
-2.03351
-2.04443
-1.98997
-2.1001
-2.17553
-2.19676
-2.20733
-2.18623
-2.11208
-2.13359
-2.11217
-2.13368
-2.06944
-2.1779
-2.14605
-2.18879
-2.25235
-2.14774
-2.09432
-2.32111
-2.42441
-2.40417
-2.31271
-2.32306
-2.4057
-2.29391
-2.36668
-2.31545
-2.3051
-2.20136
-2.26492
-2.1917
-2.22355
-2.40287
-2.39269
-2.33147
-2.3108
-2.29006
-2.31089
-2.43537
-2.42525
-2.40497
-2.45588
-2.32483
-2.40765
-2.36692
-2.30532
-2.17018
-2.13813
-2.26716
-2.21475
-2.24653
-2.16232
-2.17303
-2.15166
-2.16239
-2.1838
-2.22645
-2.22645
-2.19473
-2.32239
-2.30165
-2.23915
-2.29189
-2.25013
-2.17645
-2.37944
-2.38971
-2.45118
-2.39046
-2.35972
-2.35972
-2.2257
-2.28926
-2.2788
-2.2788
-2.34169
-2.27958
-2.30054
-2.27966
-2.23774
-2.35402
-2.33335
-2.23999
-2.22942
-2.33535
-2.29386
-2.19972
-2.09311
-2.16936
-2.21228
-2.12717
-2.12717
-2.00813
-2.08573
-2.11848
-2.05341
-2.11934
-2.09765
-2.09765
-1.95604
-2.01209
-2.001
-2.001
-2.11211
-2.17733
-2.0915
-2.0915
-2.06966
-2.00387
-2.02609
-2.07034
-2.1142
-2.01638
-2.09398
-1.97389
-2.04101
-2.10723
-2.12902
-2.04225
-2.15263
-2.08783
-2.05501
-2.09906
-2.19731
-2.05813
-2.04712
-2.08023
-2.10216
-2.14583
-2.14583
-2.19994
-2.21065
-2.25338
-2.11567
-2.17013
-2.24557
-2.28803
-2.33013
-2.25706
-2.29944
-2.1944
-2.15148
-2.15148
-2.12983
-2.05375
-2.17516
-2.29369
-2.29369
-2.42001
-2.35841
-2.20248
-2.26686
-2.2033
-2.13892
-2.01936
-2.18639
-2.21872
-2.1759
-2.22989
-2.30468
-2.19941
-2.11339
-2.25563
-2.15988
-2.19242
-2.16009
-2.22517
-2.21446
-2.15008
-2.05226
-2.10769
-2.25023
-2.15428
-2.2195
-2.16585
-2.20924
-2.13397
-2.04663
-2.19108
-2.05069
-2.08402
-2.07298
-2.07298
-2.06192
-2.08409
-1.98476
-2.05232
-2.04121
-2.04121
-2.03008
-2.13052
-2.22899
-2.17534
-2.25127
-2.25127
-2.18716
-2.18716
-2.24128
-2.15562
-2.16652
-2.18826
-2.25319
-2.1143
-2.18024
-2.18024
-2.19108
-2.14779
-2.13687
-2.1697
-2.05013
-2.08354
-2.06142
-2.00586
-1.99462
-1.96084
-1.88148
-1.91604
-1.89315
-2.06557
-1.91001
-2.0935
-2.13775
-2.11582
-2.20392
-2.14981
-2.16075
-2.13892
-2.14988
-2.02953
-1.82774
-1.9212
-1.99
-2.00132
-1.85459
-1.95924
-2.01619
-2.01619
-1.95988
-2.01683
-1.98304
-2.03973
-2.06216
-2.05099
-2.03981
-1.99497
-1.94972
-2.10953
-2.1206
-2.1206
-2.14267
-2.05476
-2.16662
-2.1885
-2.16671
-2.19953
-2.10171
-2.13497
-2.12395
-1.95839
-1.90131
-1.98215
-2.06169
-2.05051
-1.9384
-2.01867
-1.97353
-1.93936
-2.12284
-2.12284
-2.16709
-2.1342
-2.11212
-2.03452
-2.05704
-1.93372
-1.99119
-2.02528
-2.00271
-2.11609
-2.12717
-2.01655
-2.05049
-1.9269
-1.94994
-1.97287
-1.89296
-2.00897
-2.05433
-2.03185
-1.97542
-2.04391
-1.94256
-2.02302
-2.02302
-2.04565
-2.04565
-1.86547
-1.91219
-1.92377
-1.90067
-1.99348
-2.07321
-1.99473
-2.00612
-1.9493
-1.98379
-1.90388
-1.88068
-1.91564
-1.93879
-2.06552
-1.9981
-1.7817
-1.88884
-1.91215
-1.85415
-1.98326
-1.92605
-1.97235
-1.93794
-1.91485
-1.92645
-1.98432
-1.91567
-1.98527
-1.93951
-1.95105
-1.95105
-1.96258
-1.97407
-2.01994
-2.08812
-2.11054
-2.17751
-2.06738
-2.15747
-2.04685
-2.04685
-2.05816
-2.10331
-1.94671
-2.05063
-2.06195
-2.11838
-2.09606
-2.02879
-1.9947
-1.98326
-1.92592
-1.97232
-2.06428
-1.98527
-1.98527
-2.01968
-1.90578
-1.91744
-2.03371
-1.82917
-1.82917
-1.86471
-1.80589
-1.88922
-1.85409
-1.97202
-1.99506
-1.97212
-1.94908
-2.06482
-2.0422
-1.92856
-1.97507
-2.06724
-2.07855
-2.16885
-2.14667
-2.21349
-2.13657
-2.20353
-2.28062
-2.18301
-2.20513
-2.13905
-2.07209
-2.13996
-2.09532
-1.9264
-1.96137
-1.97294
-1.9152
-1.97361
-1.84659
-2.02432
-1.96711
-1.94396
-2.03699
-2.05982
-1.96891
-2.00363
-1.96915
-1.91128
-1.88786
-1.81727
-1.80534
-1.79337
-1.84134
-1.82946
-1.9247
-1.9247
-1.87797
-1.92514
-2.00691
-2.0299
-2.0299
-2.0299
-2.06423
-1.92786
-1.95123
-1.97448
-2.03235
-2.13533
-2.09049
-2.15836
-2.13604
-2.10241
-2.12498
-2.11374
-2.11374
-1.98987
-2.0707
-2.01388
-2.07135
-1.94635
-1.96966
-1.88846
-1.971
-1.971
-1.9478
-1.92449
-2.08843
-1.90702
-1.93055
-1.89542
-1.97797
-1.97797
-2.04757
-2.0819
-2.09326
-2.14995
-2.08269
-2.0486
-2.11725
-1.88023
-1.99871
-2.06815
-2.12523
-2.13652
-1.97886
-2.00212
-1.94425
-1.90912
-1.9327
-1.90923
-1.92102
-1.93279
-1.88584
-1.92138
-1.96844
-1.9801
-1.8987
-1.93416
-1.74637
-1.86832
-2.04689
-1.97793
-1.95462
-1.90778
-1.94324
-1.89629
-1.89629
-1.91999
-1.80206
-1.97114
-1.98283
-2.01779
-1.97149
-2.01822
-2.01822
-2.05295
-1.92651
-1.99726
-2.03215
-1.98596
-2.05589
-1.96393
-2.02248
-2.02248
-2.11507
-2.09235
-2.12659
-2.2173
-2.22843
-2.13954
-2.17348
-2.19595
-2.21832
-2.20719
-2.16255
-2.24137
-2.13051
-2.24389
-2.26606
-2.16672
-2.09916
-2.1334
-2.15608
-2.20122
-2.2236
-2.24587
-2.19044
-2.1568
-2.21324
-2.2244
-2.12417
-2.07872
-2.03285
-1.98655
-1.98655
-1.98655
-2.04496
-2.07961
-2.05667
-1.9645
-2.03493
-1.96548
-1.98896
-1.97727
-1.97727
-1.97727
-2.05924
-2.04772
-1.97844
-1.96673
-2.00194
-2.07187
-1.99141
-2.04982
-2.07291
-2.02694
-2.21255
-2.06714
-2.07866
-2.07866
-2.1936
-2.17113
-2.03569
-2.03569
-2.1285
-2.08294
-2.02547
-2.09523
-2.02643
-1.95666
-1.98024
-2.00372
-2.0154
-1.89885
-1.99432
-2.01774
-1.94781
-1.90052
-1.88859
-1.86467
-1.90073
-2.02006
-2.04337
-2.05497
-2.02025
-1.96197
-2.10348
-2.26403
-2.19736
-2.09601
-2.00406
-2.12115
-2.15548
-1.99639
-2.07855
-2.12474
-2.10185
-2.19381
-2.1148
-2.09187
-2.08035
-2.05725
-2.04565
-2.10379
-2.02333
-2.11679
-2.04798
-1.98984
-2.09572
-2.16485
-2.18757
-2.17626
-2.1876
-2.10841
-2.17738
-2.24541
-2.14474
-2.24748
-2.29222
-2.14809
-2.14809
-2.20517
-2.11488
-2.12637
-2.00023
-2.07081
-2.03601
-2.08274
-2.15218
-2.18643
-2.24312
-2.33281
-2.14558
-2.04261
-2.1127
-2.07814
-2.18255
-2.19391
-2.13722
-2.14869
-2.13725
-2.24046
-2.29664
-2.21886
-2.24143
-2.19649
-2.20783
-2.23045
-2.21919
-2.15147
-2.14003
-2.10563
-2.18646
-2.16373
-2.11807
-2.18719
-2.24401
-2.30019
-2.08908
-2.20509
-2.15974
-2.1483
-2.12536
-2.25209
-2.24085
-2.20707
-2.25242
-2.36478
-2.22192
-2.24455
-2.1995
-2.1995
-2.35859
-2.32555
-2.27012
-2.27012
-2.22528
-2.07822
-2.17146
-2.12569
-2.18343
-2.22909
-2.08203
-2.14031
-2.12879
-1.90939
-1.86108
-1.98303
-2.11398
-2.14878
-2.18335
-2.1719
-2.19484
-2.08068
-2.10405
-2.13893
-2.15048
-2.09288
-2.04626
-2.03449
-2.0227
-1.9636
-2.01144
-2.07069
-1.97701
-1.89348
-2.01484
-1.96744
-2.03921
-2.0628
-1.95716
-1.99314
-1.98123
-2.05283
-2.05283
-2.06459
-2.15849
-2.14697
-2.06614
-2.10135
-2.04308
-2.03128
-2.16131
-2.14979
-2.20752
-2.28743
-2.19754
-2.25475
-2.3905
-2.30239
-2.14544
-2.18016
-2.18016
-2.23764
-2.19218
-2.19218
-2.13484
-2.23925
